    1      大数     1.2259  -1.1757 
    2      关联    -1.2184    .8057 
    3      远程    -1.6167   -.2077 
    4      学习     1.0439  -1.3143 
    5      教育     1.5045   -.5129 
    6      数据     -.4083   1.3542 
    7      决策    -1.1652    .8727 
    8      Web挖    -1.5840    .1105 
    9      教学    -1.5932   -.2445 
   10      教育_1    .7396  -1.5858 
   11      个性      .9802    .7788 
   12      聚类     -.2259   1.2862 
   13      网络_1   -.1511   1.3771 
   14      教育_2    .5199   1.2982 
   15      高校     1.0801    .9127 
   16      学习_1   -.3242   1.3158 
   17      教育_3    .6910   1.2135 
   18      Apriori   -1.6335   -.1314 
   19      职业    -1.4301   -.8022 
   20      联机     -.8425   1.1511 
   21      网络_2    .6607   1.1771 
   22      决策_1   -.0331   1.3787 
   23      云计     1.4134   -.0721 
   24      数据_1   1.3583    .3795 
   25      在线     1.0639    .8124 
   26      个性_1  -1.4616    .0288 
   27      自适     1.3055    .4862 
   28      在线_1    .7996   1.0187 
   29      数据_2   -.7782   1.1308 
   30      高等     1.3628    .1577 
   31      机器     1.1221   -.7849 
   32      MOOC       1.3027   -.4723 
   33      学习_2    .4337   1.2489 
   34      成绩    -1.2442    .4969 
   35      人工     1.1476   -.7907 
   36      支持     -.6839  -1.2104 
   37      可视      .3628  -1.3374 
   38      学校      .8834    .9259 
   39      社会     1.0359   -.8674 
   40      知识    -1.3241   -.3904 
   41      教育_4   -.7673  -1.1313 
   42      分类     -.2100   1.2481 
   43      个性_2  -1.1830   -.4794 
   44      教育_5    .1334  -1.3606 
   45      智慧     1.1019   -.7196 
   46      评价     -.7279  -1.0954 
   47      信息     -.5675  -1.2371 
   48      遗传    -1.0057    .7865 
   49      大学     -.0470  -1.3101 
   50      网络     -.4012  -1.2116 
   51      网络_3  -1.1037   -.7988 
   52      网络_4   -.2273  -1.3553 
   53      个性_3    .6857  -1.1534 